a=-3.8017,b=0.5568,c=-0.00929,d=-0.1125
a=-4.1042,b=0.6361,c=0.00818,d=-0.0993
a=-8.6709,b=1.4316,c=0.00938,d=-0.4878